[device]
TC_type=BB
CurID=1
Serial=C8003
FD_time=10
leftup_x=101.00000000
leftup_y=10.00000000
leftdown_x=461.00000000
leftdown_y=10.00000000
rightup_x=460.00000000
rightup_y=460.00000000
rightdown_x=10.00000000
rightdown_y=460.00000000
cz_x0=1.00000000
cz_y0=300.00000000
cz_x1=300.00000000
cz_y1=1.00000000
YNAngle=92.00000000
BrakeDis=7.05000000
DangerDis=11.40000000
WarnDis=16.30000000
VStopDis=2.00000000
VWarnDis=4.00000000
AddAngle=1.00000000


[dist_bd]
V_dist_max=6
V_dist_min=3
V0=1

[weight_bd]
V_WeightB=0
V_WeightA=0
V_Weight0=0
WeightRef=1
Weight_thresh=1
MultiplexRef=1
