[device]
TC_type=QTZ-9
CurID=2
Serial=C8003
FD_time=3
brake_time=7
leftup_x=11.00000000
leftup_y=10.00000000
leftdown_x=460.00000000
leftdown_y=10.00000000
rightup_x=460.00000000
rightup_y=460.00000000
rightdown_x=10.00000000
rightdown_y=460.00000000
cz_x0=0.00000000
cz_y0=300.00000000
cz_x1=300.00000000
cz_y1=0.00000000
YNAngle=90.00000000
BrakeDis=6.00000000
DangerDis=10.00000000
WarnDis=16.00000000
VStopDis=6.00000000
VWarnDis=12.00000000
AddAngle=0.00000000
armlen=75
beilv=4
encoder_addr=0
FDTime=5
BrakeTime=8

[height_bd]
min_height=0.00000000
height_k=0.21935484
zero_ad=4061
bd_ad=4095
[dist_bd]
min_dist=0.00000000
dist_k=40.90000000
zero_ad=5
bd_ad=4095

[weight_bd]
min_weight=0.00000000
weight_k=1.02000000
zero_ad=15
bd_ad=4095

[up_angle_bd]
min_up_angle=15.00000000
up_angle_k=58.44285714
zero_ad=4
bd_ad=4095
[angle_bd]
a_angle=134.97717535
angle_k=-621.51647033
zero_ad=144500774
bd_ad=144388722

[display]
up_angle=1
max_weight=1
speed=1
height=1

[serial]
diantai_com=/dev/ttymxc0
ad_com1=/dev/ttymxc1
ad_com2=/dev/ttymxc2
gprs_com=/dev/ttymxc3


