[device]
TC_type=QTZ-2
CurID=1
Serial=C8003
FD_time=3
brake_time=7
leftup_x=101.00000000
leftup_y=10.00000000
leftdown_x=461.00000000
leftdown_y=10.00000000
rightup_x=460.00000000
rightup_y=460.00000000
rightdown_x=10.00000000
rightdown_y=460.00000000
cz_x0=1.00000000
cz_y0=300.00000000
cz_x1=300.00000000
cz_y1=1.00000000
YNAngle=92.00000000
BrakeDis=7.05000000
DangerDis=11.40000000
WarnDis=16.30000000
VStopDis=2.00000000
VWarnDis=4.00000000
AddAngle=1.00000000
armlen=75
beilv=1

[dist_bd]
V_dist_max=6
V_dist_min=3
V0=1

[weight_bd]
V_WeightB=0
V_WeightA=0
V_Weight0=0
WeightRef=1
Weight_thresh=1
MultiplexRef=1

[up_angle_bd]
min_up_angle=15
up_angle_k=1
zero_ad=100
[angle_bd]
a_angle=134.97717535
angle_k=-621.51647033
zero_ad=144500774
bd_ad=144388722

[display]
up_angle=1
max_weight=0
speed=0
height=1



