[device]
TC_type=QTZ-2
CurID=1
Serial=C8003
FD_time=2
brake_time=7
leftup_x=11.00000000
leftup_y=10.00000000
leftdown_x=460.00000000
leftdown_y=10.00000000
rightup_x=460.00000000
rightup_y=460.00000000
rightdown_x=10.00000000
rightdown_y=460.00000000
cz_x0=10.00000000
cz_y0=0.00000000
cz_x1=0.00000000
cz_y1=10.00000000
YNAngle=90.00000000
BrakeDis=3.00000000
DangerDis=6.00000000
WarnDis=9.00000000
VStopDis=3.00000000
VWarnDis=6.00000000
AddAngle=0.00000000
armlen=100
beilv=2
encoder_addr=0
FDTime=5
BrakeTime=8

[height_bd]
min_height=0.00000000
height_k=11.66666667
zero_ad=40
bd_ad=740
[dist_bd]
min_dist=1.00000000
dist_k=67.60330579
zero_ad=5
bd_ad=4095

[weight_bd]
min_weight=0.00000000
weight_k=-408.00000000
zero_ad=4095
bd_ad=15

[up_angle_bd]
min_up_angle=15.00000000
up_angle_k=57.60563380
zero_ad=5
bd_ad=4095
[angle_bd]
a_angle=0.00000000
angle_k=-409.71111111
zero_ad=147176546
bd_ad=147139672

[display]
mainmenu=1
speed=1
height=1

[serial]
encoder_com=/dev/ttymxc0
ad_com=/dev/ttymxc1
diantai_com=/dev/ttymxc2
gprs_com=/dev/ttymxc3


