[device]
Serial=C800311
tctype=cxt201
armlen=100
rate=6
fd_time=2
encoder_addr=0
brake_time=7
leftup_x=10.00000000
leftup_y=10.00000000
leftdown_x=460.00000000
leftdown_y=10.00000000
rightup_x=460.00000000
rightup_y=460.00000000
rightdown_x=10.00000000
rightdown_y=460.00000000
cz_x0=0.00000000
cz_y0=300.00000000
cz_x1=300.00000000
cz_y1=0.00000000
YNAngle=90.00000000
BrakeDis=6.00000000
DangerDis=11.00000000
WarnDis=16.00000000
VStopDis=2.00000000
VWarnDis=4.00000000
AddAngle=0.00000000


[height_bd]
min_height=0.00000000
height_k=16.04313725
zero_ad=4
bd_ad=4095
[dist_bd]
min_dist=1.00000000
dist_k=-81.00990099
zero_ad=4095
bd_ad=4

[weight_bd]
valid=1
min_weight=20.00000000
weight_k=94.25000000
zero_ad=2
bd_ad=1887

[weight_bd2]
valid=0
min_weight=120.00000000
weight_k=19.23333333
zero_ad=2
bd_ad=2310

[weight_bd3]
valid=0
min_weight=2000.00000000
weight_k=1.53950000
zero_ad=2
bd_ad=3081

[up_angle_bd]
min_up_angle=15.00000000
up_angle_k=51.51428571
zero_ad=2
bd_ad=3608
[angle_bd]
a_angle=134.97717535
angle_k=104.04444444
zero_ad=5181
bd_ad=23909

[display]
mainmenu=1
speed=1
height=1
weight=1
isCacheBmp=true
alarm_speed=20
[gprs]
ip=118.123.17.25
port=56000
dtuid=dtu001
[serial]
encoder_com=/dev/ttymxc0
ad_com=/dev/ttymxc1
diantai_com=/dev/ttymxc2
gprs_com=/dev/ttymxc3
finger_com=/dev/tts0
gps_com=/dev/tts1
